name: AiCar
channels:
- peterjc123
- defaults
dependencies:
- asn1crypto=0.22.0=py36h8e79faa_1
- ca-certificates=2017.08.26=h94faf87_0
- cachecontrol=0.12.3=py36hfe50d7b_0
- certifi=2017.7.27.1=py36h043bc9e_0
- cffi=1.10.0=py36hae3d1b5_1
- chardet=3.0.4=py36h420ce6e_1
- colorama=0.3.9=py36h029ae33_0
- cryptography=2.0.3=py36h123decb_1
- cycler=0.10.0=py36h009560c_0
- distlib=0.2.5=py36h51371be_0
- freetype=2.8=vc14h17c9bdf_0
- html5lib=0.999999999=py36ha09b1f3_0
- icc_rt=2017.0.4=h97af966_0
- icu=58.2=vc14hc45fdbb_0
- idna=2.6=py36h148d497_1
- intel-openmp=2018.0.0=hcd89f80_7
- jpeg=9b=vc14h4d7706e_1
- libpng=1.6.32=vc14hce43e6c_2
- lockfile=0.12.2=py36h0468280_0
- matplotlib=2.0.2=py36h58ba717_1
- mkl=2018.0.0=h36b65af_4
- msgpack-python=0.4.8=py36h58b1e9d_0
- numpy=1.13.1=py36haf1bc54_2
- openssl=1.0.2l=vc14hcac20b0_2
- packaging=16.8=py36ha0986f6_1
- pip=9.0.1=py36hadba87b_3
- progress=1.3=py36hbeca8d3_0
- pycparser=2.18=py36hd053e01_1
- pyopenssl=17.2.0=py36h15ca2fc_0
- pyparsing=2.2.0=py36h785a196_1
- pyqt=5.6.0=py36hb5ed885_5
- pysocks=1.6.7=py36h698d350_1
- python=3.6.2=h09676a0_15
- python-dateutil=2.6.1=py36h509ddcb_1
- pytz=2017.2=py36h05d413f_1
- qt=5.6.2=vc14h6f8c307_12
- requests=2.18.4=py36h4371aae_1
- setuptools=36.5.0=py36h65f9e6e_0
- sip=4.18.1=py36h9c25514_2
- six=1.10.0=py36h2c0fdd8_1
- sqlite=3.20.1=vc14h7ce8c62_1
- tornado=4.5.2=py36h57f6048_0
- urllib3=1.22=py36h276f60a_0
- vc=14=h2379b0c_1
- vs2015_runtime=14.0.25123=hd4c4e62_1
- webencodings=0.5.1=py36h67c50ae_1
- wheel=0.29.0=py36h6ce6cde_1
- win_inet_pton=1.0.1=py36he67d7fd_1
- wincertstore=0.2=py36h7fe50ca_0
- zlib=1.2.11=vc14h1cdd9ab_1
- pytorch=0.2.1=py36he6bf560_0.2.1cu80
- pip:
  - astroid==1.5.3
  - docutils==0.14
  - isort==4.2.15
  - kivy==1.10.0
  - kivy-garden==0.1.4
  - kivy.deps.glew==0.1.9
  - kivy.deps.sdl2==0.1.17
  - lazy-object-proxy==1.3.1
  - mccabe==0.6.1
  - pygments==2.2.0
  - pylint==1.7.4
  - pypiwin32==220
  - torch==0.2.1+a4fc05a
  - win-inet-pton==1.0.1
  - wrapt==1.10.11
prefix: C:\Users\mant\AppData\Local\Continuum\Anaconda3\envs\AiCar

